17:48:28.641 0.38 0.57 -0.64 -0.35
17:48:36.468 0.36 0.54 -0.61 -0.45
17:48:44.281 0.45 0.65 -0.48 -0.38
17:48:51.781 0.49 0.72 -0.38 -0.32
17:48:59.956 0.50 0.76 -0.31 -0.27
17:49:07.289 0.46 0.69 -0.42 -0.37
17:50:07.696 0.60 0.79 -0.10 -0.10
17:50:07.859 0.60 0.79 -0.10 -0.10
17:50:08.25 0.60 0.79 -0.10 -0.10
17:50:08.174 0.60 0.79 -0.10 -0.11
17:50:08.340 0.60 0.79 -0.10 -0.11
17:50:08.565 0.60 0.78 -0.10 -0.11
17:50:08.686 0.60 0.78 -0.10 -0.11
17:50:08.865 0.60 0.78 -0.10 -0.11
17:50:09.44 0.60 0.79 -0.10 -0.11
17:50:09.165 0.61 0.78 -0.11 -0.11
17:50:09.344 0.60 0.78 -0.12 -0.12
17:50:09.525 0.60 0.78 -0.12 -0.12
17:50:09.705 0.60 0.78 -0.12 -0.12
17:50:09.826 0.60 0.78 -0.12 -0.12
17:50:10.04 0.60 0.78 -0.12 -0.12
17:50:10.185 0.60 0.78 -0.12 -0.12
17:50:10.305 0.60 0.78 -0.12 -0.12
17:50:10.485 0.60 0.78 -0.12 -0.12
17:50:10.665 0.60 0.78 -0.12 -0.12
17:50:10.785 0.60 0.78 -0.12 -0.12
17:50:10.964 0.60 0.78 -0.12 -0.12
17:50:11.145 0.60 0.78 -0.12 -0.12
17:50:11.325 0.60 0.78 -0.12 -0.12
17:50:11.444 0.60 0.78 -0.12 -0.12
17:50:11.625 0.60 0.78 -0.12 -0.12
17:50:11.806 0.60 0.78 -0.12 -0.12
17:50:11.926 0.60 0.78 -0.12 -0.12
17:50:12.104 0.60 0.78 -0.12 -0.11
17:50:12.285 0.60 0.78 -0.10 -0.11
17:50:12.465 0.61 0.79 -0.06 -0.09
17:50:12.585 0.61 0.79 -0.01 -0.07
17:50:12.765 0.60 0.80 0.04 -0.05
17:50:12.945 0.60 0.79 0.09 -0.02
17:50:13.65 0.60 0.79 0.14 0.01
17:50:13.246 0.59 0.79 0.18 0.05
17:50:13.426 0.57 0.79 0.21 0.07
17:50:13.605 0.57 0.79 0.21 0.08
17:50:13.723 0.59 0.79 0.18 0.05
17:50:13.905 0.60 0.79 0.13 0.02
17:50:14.86 0.61 0.78 0.09 -0.00
17:50:14.205 0.62 0.78 0.04 -0.03
17:50:14.386 0.62 0.79 0.00 -0.05
17:50:14.566 0.61 0.79 -0.03 -0.07
17:50:14.685 0.61 0.79 -0.06 -0.09
17:50:14.865 0.60 0.79 -0.09 -0.11
17:50:15.45 0.60 0.79 -0.11 -0.12
17:50:15.165 0.59 0.79 -0.12 -0.13
17:50:15.344 0.59 0.79 -0.12 -0.13
17:50:15.525 0.59 0.79 -0.12 -0.13
17:50:15.645 0.59 0.79 -0.12 -0.13
17:50:15.825 0.59 0.79 -0.12 -0.13
17:50:16.04 0.59 0.79 -0.12 -0.13
17:50:16.185 0.59 0.79 -0.11 -0.13
17:50:16.305 0.59 0.79 -0.11 -0.12
17:50:16.486 0.60 0.79 -0.10 -0.12
17:50:16.665 0.60 0.79 -0.08 -0.11
17:50:16.785 0.60 0.79 -0.05 -0.09
17:50:16.965 0.61 0.79 -0.02 -0.07
17:50:17.145 0.61 0.79 0.01 -0.05
17:50:17.326 0.61 0.79 0.05 -0.02
17:50:17.444 0.60 0.79 0.09 0.00
17:50:17.624 0.60 0.79 0.13 0.03
17:50:17.805 0.59 0.79 0.16 0.05
17:50:17.925 0.58 0.79 0.18 0.06
17:50:18.105 0.58 0.79 0.19 0.07
17:50:18.284 0.58 0.79 0.19 0.07
17:50:18.465 0.58 0.79 0.18 0.07
17:50:18.585 0.60 0.79 0.15 0.05
17:50:18.764 0.61 0.79 0.12 0.02
17:50:18.949 0.61 0.79 0.08 -0.01
17:50:19.63 0.61 0.79 0.04 -0.03
17:50:19.245 0.61 0.79 0.00 -0.06
17:50:19.426 0.60 0.79 -0.03 -0.08
17:50:19.545 0.60 0.79 -0.06 -0.10
17:50:19.724 0.59 0.79 -0.09 -0.12
17:50:19.905 0.59 0.79 -0.09 -0.12
17:50:20.28 0.60 0.79 -0.09 -0.12
17:50:20.205 0.60 0.79 -0.09 -0.12
17:50:20.384 0.60 0.79 -0.09 -0.12
17:50:20.564 0.60 0.79 -0.09 -0.12
17:50:20.685 0.60 0.79 -0.09 -0.12
17:50:20.865 0.60 0.79 -0.09 -0.12
17:50:21.44 0.60 0.79 -0.09 -0.12
17:50:21.165 0.60 0.79 -0.09 -0.12
17:50:21.345 0.60 0.79 -0.08 -0.12
17:50:21.526 0.60 0.79 -0.08 -0.12
17:50:21.645 0.60 0.79 -0.07 -0.11
17:50:21.826 0.61 0.79 -0.05 -0.09
17:50:22.05 0.61 0.79 -0.02 -0.08
17:50:22.184 0.61 0.79 0.01 -0.06
17:50:22.306 0.62 0.79 0.04 -0.04
17:50:22.485 0.61 0.79 0.08 -0.01
17:50:22.665 0.61 0.79 0.12 0.01
17:50:22.785 0.60 0.78 0.15 0.03
17:50:22.965 0.59 0.78 0.18 0.05
17:50:23.145 0.59 0.78 0.20 0.06
17:50:23.266 0.58 0.78 0.21 0.07
17:50:23.445 0.58 0.78 0.21 0.07
17:50:23.625 0.59 0.78 0.19 0.06
17:50:23.746 0.60 0.78 0.15 0.03
17:50:23.925 0.61 0.78 0.09 -0.00
17:50:24.104 0.62 0.79 0.05 -0.03
17:50:24.284 0.61 0.79 0.00 -0.06
17:50:24.405 0.61 0.79 -0.03 -0.08
17:50:24.585 0.60 0.79 -0.06 -0.10
17:50:24.765 0.60 0.79 -0.08 -0.11
17:50:24.885 0.59 0.79 -0.09 -0.12
17:50:25.65 0.60 0.79 -0.09 -0.12
17:50:25.245 0.60 0.79 -0.09 -0.12
17:50:25.425 0.60 0.79 -0.09 -0.12
17:50:25.545 0.60 0.79 -0.09 -0.12
17:50:25.725 0.60 0.79 -0.09 -0.12
17:50:25.965 0.60 0.79 -0.09 -0.12
17:50:26.205 0.60 0.79 -0.09 -0.12
17:50:26.385 0.60 0.79 -0.09 -0.12
17:50:26.565 0.60 0.79 -0.09 -0.12
17:50:26.686 0.60 0.79 -0.09 -0.12
17:50:26.865 0.60 0.79 -0.09 -0.12
17:50:27.45 0.60 0.79 -0.09 -0.12
17:50:27.165 0.60 0.79 -0.09 -0.12
17:50:27.344 0.60 0.79 -0.08 -0.12
17:50:27.525 0.60 0.79 -0.06 -0.11
17:50:27.644 0.61 0.78 -0.04 -0.09
17:50:27.826 0.62 0.78 -0.00 -0.07
17:50:28.05 0.62 0.79 0.05 -0.04
17:50:28.185 0.61 0.78 0.11 -0.01
17:50:28.305 0.61 0.78 0.14 0.01
17:50:28.484 0.60 0.78 0.16 0.02
17:50:28.665 0.59 0.78 0.19 0.04
17:50:28.785 0.58 0.78 0.22 0.06
17:50:28.965 0.57 0.78 0.23 0.07
17:50:29.145 0.58 0.78 0.23 0.07
17:50:29.265 0.59 0.78 0.20 0.05
17:50:29.445 0.60 0.78 0.16 0.03
17:50:29.625 0.61 0.78 0.11 -0.00
17:50:29.744 0.61 0.79 0.07 -0.03
17:50:29.926 0.61 0.79 0.03 -0.05
17:50:30.105 0.61 0.79 -0.00 -0.07
17:50:30.285 0.60 0.79 -0.03 -0.09
17:50:30.405 0.60 0.79 -0.06 -0.11
17:50:30.585 0.60 0.79 -0.08 -0.12
17:50:30.765 0.59 0.79 -0.10 -0.13
17:50:30.886 0.59 0.79 -0.10 -0.13
17:50:31.65 0.59 0.79 -0.10 -0.13
17:50:31.243 0.59 0.79 -0.10 -0.13
17:50:31.425 0.59 0.79 -0.10 -0.13
17:50:31.545 0.59 0.79 -0.10 -0.13
17:50:31.725 0.59 0.79 -0.10 -0.13
17:50:31.905 0.59 0.79 -0.10 -0.13
17:50:32.23 0.59 0.79 -0.10 -0.13
17:50:32.204 0.59 0.79 -0.10 -0.13
17:50:32.384 0.59 0.79 -0.10 -0.13
17:50:32.565 0.60 0.79 -0.09 -0.13
17:50:32.685 0.60 0.79 -0.07 -0.11
17:50:32.864 0.61 0.79 -0.04 -0.09
17:50:33.45 0.61 0.79 0.01 -0.07
17:50:33.165 0.61 0.79 0.06 -0.03
17:50:33.345 0.61 0.79 0.12 0.00
17:50:33.525 0.59 0.79 0.17 0.04
17:50:33.645 0.58 0.79 0.21 0.06
17:50:33.824 0.58 0.79 0.21 0.07
17:50:34.05 0.58 0.78 0.21 0.07
17:50:34.186 0.59 0.78 0.19 0.05
17:50:34.305 0.60 0.78 0.14 0.02
17:50:34.485 0.61 0.79 0.08 -0.01
17:50:34.665 0.61 0.79 0.04 -0.04
17:50:34.905 0.61 0.79 0.01 -0.06
17:50:35.86 0.60 0.79 -0.04 -0.10
17:50:35.205 0.60 0.79 -0.06 -0.11
17:50:35.384 0.60 0.79 -0.08 -0.12
17:50:35.565 0.59 0.79 -0.10 -0.13
17:50:35.746 0.59 0.79 -0.11 -0.14
17:50:35.865 0.59 0.79 -0.10 -0.14
17:50:36.45 0.59 0.79 -0.10 -0.14
17:50:36.225 0.59 0.79 -0.10 -0.14
17:50:36.345 0.59 0.79 -0.10 -0.14
17:50:36.525 0.59 0.79 -0.10 -0.14
17:50:36.705 0.59 0.79 -0.10 -0.14
17:50:36.825 0.59 0.79 -0.10 -0.14
17:50:37.05 0.59 0.79 -0.10 -0.14
17:50:37.186 0.59 0.79 -0.10 -0.14
17:50:37.305 0.59 0.79 -0.10 -0.14
17:50:37.485 0.59 0.79 -0.09 -0.13
17:50:37.664 0.60 0.79 -0.07 -0.12
17:50:37.845 0.61 0.79 -0.04 -0.10
17:50:37.966 0.61 0.79 0.01 -0.08
17:50:38.146 0.61 0.79 0.06 -0.05
17:50:38.325 0.60 0.79 0.11 -0.02
17:50:38.444 0.59 0.79 0.16 0.00
17:50:38.626 0.58 0.79 0.19 0.03
17:50:38.805 0.57 0.79 0.22 0.05
17:50:38.924 0.56 0.79 0.23 0.06
17:50:39.105 0.57 0.79 0.22 0.06
17:50:39.285 0.58 0.79 0.19 0.04
17:50:39.465 0.60 0.79 0.15 0.01
17:50:39.585 0.61 0.79 0.10 -0.03
17:50:39.764 0.61 0.79 0.06 -0.06
17:50:39.945 0.61 0.79 0.02 -0.09
17:50:40.65 0.60 0.79 -0.02 -0.11
17:50:40.245 0.60 0.79 -0.06 -0.12
17:50:40.425 0.59 0.79 -0.09 -0.14
17:50:40.545 0.59 0.79 -0.10 -0.14
17:50:40.726 0.59 0.79 -0.10 -0.14
17:50:40.905 0.59 0.79 -0.11 -0.13
17:50:41.24 0.59 0.79 -0.11 -0.14
17:50:41.204 0.59 0.78 -0.12 -0.14
17:50:41.386 0.59 0.78 -0.12 -0.15
17:50:41.565 0.59 0.78 -0.12 -0.15
17:50:41.685 0.59 0.78 -0.12 -0.15
17:50:41.865 0.59 0.78 -0.12 -0.15
17:50:42.45 0.59 0.78 -0.13 -0.15
17:50:42.165 0.59 0.78 -0.13 -0.16
17:50:42.345 0.60 0.78 -0.13 -0.16
17:50:42.526 0.60 0.78 -0.13 -0.16
17:50:42.706 0.60 0.78 -0.11 -0.15
17:50:42.825 0.61 0.78 -0.08 -0.14
17:50:43.05 0.61 0.78 -0.03 -0.11
17:50:43.185 0.62 0.78 0.02 -0.08
17:50:43.303 0.62 0.78 0.06 -0.05
17:50:43.485 0.61 0.79 0.10 -0.02
17:50:43.665 0.60 0.79 0.13 0.01
17:50:43.843 0.59 0.79 0.16 0.03
17:50:43.965 0.59 0.79 0.17 0.04
17:50:44.145 0.59 0.79 0.16 0.03
17:50:44.325 0.60 0.79 0.13 0.01
17:50:44.445 0.61 0.79 0.09 -0.02
17:50:44.625 0.61 0.79 0.05 -0.05
17:50:44.805 0.61 0.79 0.00 -0.09
17:50:44.985 0.61 0.79 -0.04 -0.12
17:50:45.106 0.60 0.78 -0.08 -0.15
17:50:45.285 0.59 0.78 -0.12 -0.17
17:50:45.465 0.59 0.78 -0.12 -0.17
17:50:45.585 0.59 0.78 -0.12 -0.17
17:50:45.764 0.59 0.78 -0.12 -0.17
17:50:45.946 0.59 0.78 -0.12 -0.17
17:50:46.65 0.59 0.78 -0.12 -0.17
17:50:46.245 0.59 0.78 -0.12 -0.17
17:50:46.425 0.59 0.78 -0.12 -0.17
17:50:46.605 0.59 0.78 -0.12 -0.17
17:50:46.725 0.59 0.78 -0.12 -0.17
17:50:46.905 0.59 0.78 -0.11 -0.17
17:50:47.85 0.59 0.78 -0.11 -0.17
17:50:47.205 0.59 0.78 -0.10 -0.16
17:50:47.384 0.60 0.78 -0.08 -0.15
17:50:47.571 0.61 0.78 -0.05 -0.13
17:50:47.745 0.61 0.79 -0.01 -0.10
17:50:47.865 0.61 0.79 0.04 -0.06
17:50:48.45 0.60 0.79 0.07 -0.03
17:50:48.225 0.59 0.80 0.12 -0.00
17:50:48.345 0.58 0.80 0.16 0.02
17:50:48.525 0.58 0.80 0.17 0.03
17:50:48.705 0.57 0.80 0.17 0.04
17:50:48.825 0.58 0.80 0.16 0.03
17:50:49.05 0.59 0.80 0.13 0.01
17:50:49.185 0.60 0.79 0.10 -0.02
17:50:49.305 0.61 0.79 0.05 -0.05
17:50:49.485 0.61 0.79 0.01 -0.08
17:50:49.665 0.61 0.79 -0.02 -0.10
17:50:49.845 0.60 0.78 -0.06 -0.13
17:50:49.965 0.60 0.78 -0.09 -0.15
17:50:50.145 0.59 0.78 -0.11 -0.16
17:50:50.325 0.59 0.78 -0.11 -0.16
17:50:50.445 0.59 0.78 -0.12 -0.16
17:50:50.624 0.59 0.78 -0.12 -0.16
17:50:50.806 0.59 0.78 -0.12 -0.16
17:50:50.985 0.59 0.78 -0.12 -0.16
17:50:51.105 0.59 0.78 -0.12 -0.16
17:50:51.283 0.59 0.78 -0.12 -0.16
17:50:51.465 0.59 0.78 -0.12 -0.16
17:50:51.584 0.59 0.78 -0.12 -0.16
17:50:51.765 0.59 0.78 -0.12 -0.16
17:50:51.945 0.59 0.78 -0.12 -0.17
17:50:52.68 0.59 0.78 -0.11 -0.16
17:50:52.245 0.59 0.78 -0.11 -0.16
17:50:52.425 0.60 0.78 -0.09 -0.15
17:50:52.545 0.61 0.78 -0.05 -0.13
17:50:52.725 0.61 0.79 -0.01 -0.10
17:50:52.905 0.61 0.79 0.03 -0.08
17:50:53.84 0.61 0.79 0.07 -0.05
17:50:53.205 0.60 0.79 0.11 -0.02
17:50:53.385 0.59 0.80 0.14 0.01
17:50:53.565 0.58 0.80 0.17 0.03
17:50:53.685 0.57 0.80 0.18 0.04
17:50:53.865 0.57 0.80 0.18 0.04
17:50:54.45 0.58 0.80 0.15 0.02
17:50:54.165 0.60 0.79 0.12 -0.01
17:50:54.344 0.61 0.79 0.07 -0.04
17:50:54.525 0.61 0.79 0.03 -0.07
17:50:54.765 0.61 0.79 -0.01 -0.09
17:50:55.05 0.60 0.78 -0.08 -0.14
17:50:55.185 0.60 0.78 -0.11 -0.16
17:50:55.303 0.59 0.78 -0.13 -0.17
17:50:55.485 0.59 0.78 -0.13 -0.18
17:50:55.665 0.59 0.78 -0.13 -0.18
17:50:55.786 0.59 0.78 -0.13 -0.18
17:50:55.965 0.59 0.78 -0.13 -0.18
17:50:56.145 0.59 0.78 -0.13 -0.18
17:50:56.326 0.59 0.78 -0.13 -0.18
17:50:56.444 0.59 0.78 -0.13 -0.18
17:50:56.625 0.59 0.78 -0.13 -0.18
17:50:56.805 0.59 0.78 -0.13 -0.18
17:50:56.926 0.59 0.78 -0.13 -0.18
17:50:57.105 0.59 0.78 -0.13 -0.18
17:50:57.285 0.59 0.78 -0.12 -0.17
17:50:57.465 0.60 0.78 -0.10 -0.16
17:50:57.585 0.60 0.78 -0.07 -0.14
17:50:57.765 0.61 0.79 -0.02 -0.11
17:50:57.945 0.61 0.79 0.02 -0.09
17:50:58.66 0.60 0.79 0.06 -0.06
17:50:58.245 0.59 0.80 0.11 -0.04
17:50:58.426 0.58 0.80 0.14 -0.01
17:50:58.544 0.57 0.80 0.17 0.01
17:50:58.725 0.57 0.80 0.18 0.02
17:50:58.905 0.58 0.80 0.16 0.01
17:50:59.25 0.59 0.80 0.11 -0.03
17:50:59.205 0.60 0.79 0.05 -0.07
17:50:59.385 0.61 0.79 -0.01 -0.10
17:50:59.505 0.60 0.79 -0.05 -0.12
17:50:59.685 0.60 0.78 -0.08 -0.14
17:50:59.865 0.60 0.78 -0.11 -0.16
17:51:00.44 0.59 0.78 -0.12 -0.17
17:51:00.165 0.59 0.78 -0.14 -0.18
17:51:00.345 0.59 0.77 -0.15 -0.19
17:51:00.525 0.59 0.77 -0.15 -0.19
17:51:00.645 0.59 0.77 -0.15 -0.19
17:51:00.825 0.59 0.77 -0.15 -0.19
17:51:01.05 0.58 0.77 -0.16 -0.19
17:51:01.185 0.58 0.77 -0.16 -0.19
17:51:01.305 0.58 0.77 -0.16 -0.19
17:51:01.485 0.58 0.77 -0.16 -0.19
17:51:01.665 0.58 0.77 -0.16 -0.20
17:51:01.786 0.58 0.77 -0.16 -0.20
17:51:01.965 0.58 0.77 -0.16 -0.20
17:51:02.145 0.59 0.77 -0.15 -0.19
17:51:02.265 0.59 0.78 -0.12 -0.18
17:51:02.445 0.60 0.78 -0.09 -0.16
17:51:02.625 0.60 0.79 -0.05 -0.13
17:51:02.745 0.60 0.79 -0.01 -0.11
17:51:02.925 0.60 0.80 0.04 -0.07
17:51:03.105 0.59 0.80 0.07 -0.05
17:51:03.226 0.59 0.80 0.11 -0.03
17:51:03.405 0.58 0.81 0.13 -0.01
17:51:03.585 0.57 0.81 0.14 0.00
17:51:03.766 0.58 0.81 0.13 -0.00
17:51:03.885 0.59 0.80 0.10 -0.03
17:51:04.65 0.60 0.80 0.05 -0.06
17:51:04.245 0.60 0.79 0.00 -0.09
17:51:04.365 0.60 0.79 -0.04 -0.12
17:51:04.544 0.60 0.79 -0.08 -0.15
17:51:04.725 0.59 0.78 -0.11 -0.16
17:51:04.965 0.59 0.78 -0.12 -0.18
17:51:05.144 0.58 0.77 -0.16 -0.20
17:51:05.325 0.58 0.77 -0.17 -0.21
17:51:05.445 0.57 0.77 -0.17 -0.21
17:51:05.626 0.57 0.77 -0.17 -0.21
17:51:05.805 0.57 0.77 -0.17 -0.21
17:51:05.985 0.57 0.77 -0.17 -0.21
17:51:06.105 0.57 0.77 -0.17 -0.21
17:51:06.285 0.57 0.77 -0.17 -0.21
17:51:06.464 0.57 0.77 -0.18 -0.21
17:51:06.585 0.57 0.77 -0.18 -0.21
17:51:06.765 0.58 0.77 -0.18 -0.22
17:51:06.945 0.57 0.77 -0.18 -0.22
17:51:07.126 0.57 0.77 -0.18 -0.22
17:51:07.245 0.58 0.77 -0.17 -0.21
17:51:07.425 0.58 0.77 -0.14 -0.20
17:51:07.605 0.59 0.78 -0.10 -0.17
17:51:07.724 0.60 0.79 -0.05 -0.14
17:51:07.905 0.60 0.80 -0.00 -0.11
17:51:08.85 0.59 0.80 0.04 -0.07
17:51:08.205 0.58 0.81 0.08 -0.05
17:51:08.385 0.57 0.81 0.10 -0.03
17:51:08.564 0.57 0.81 0.12 -0.01
17:51:08.745 0.57 0.81 0.11 -0.02
17:51:08.864 0.58 0.81 0.08 -0.05
17:51:09.44 0.59 0.80 0.04 -0.08
17:51:09.225 0.59 0.80 -0.01 -0.10
17:51:09.345 0.60 0.79 -0.05 -0.13
17:51:09.524 0.59 0.79 -0.08 -0.15
17:51:09.705 0.59 0.78 -0.12 -0.16
17:51:09.824 0.58 0.78 -0.15 -0.18
17:51:10.05 0.58 0.77 -0.17 -0.20
17:51:10.185 0.58 0.77 -0.18 -0.21
17:51:10.306 0.57 0.77 -0.18 -0.21
17:51:10.485 0.57 0.77 -0.18 -0.21
17:51:10.664 0.57 0.77 -0.19 -0.21
17:51:10.844 0.57 0.77 -0.19 -0.21
17:51:10.965 0.57 0.77 -0.19 -0.21
17:51:11.144 0.57 0.77 -0.19 -0.22
17:51:11.325 0.57 0.77 -0.19 -0.22
17:51:11.446 0.57 0.77 -0.19 -0.22
17:51:11.624 0.57 0.77 -0.19 -0.22
17:51:11.805 0.57 0.77 -0.19 -0.22
17:51:11.986 0.57 0.77 -0.18 -0.22
17:51:12.105 0.58 0.77 -0.17 -0.21
17:51:12.285 0.58 0.78 -0.14 -0.20
17:51:12.464 0.59 0.78 -0.11 -0.18
17:51:12.584 0.59 0.79 -0.08 -0.16
17:51:12.765 0.59 0.79 -0.05 -0.14
17:51:12.945 0.59 0.80 -0.01 -0.11
17:51:13.66 0.59 0.80 0.03 -0.09
17:51:13.244 0.58 0.81 0.06 -0.07
17:51:13.424 0.58 0.81 0.09 -0.04
17:51:13.606 0.57 0.82 0.11 -0.02
17:51:13.725 0.57 0.82 0.11 -0.02
17:51:13.905 0.58 0.81 0.09 -0.04
17:51:14.85 0.59 0.81 0.05 -0.06
17:51:14.265 0.59 0.80 0.01 -0.10
17:51:14.385 0.60 0.79 -0.04 -0.13
17:51:14.565 0.59 0.79 -0.09 -0.16
17:51:14.746 0.59 0.78 -0.12 -0.18
17:51:14.865 0.58 0.77 -0.15 -0.20
17:51:15.45 0.57 0.77 -0.17 -0.22
17:51:15.225 0.57 0.77 -0.19 -0.23
17:51:15.405 0.57 0.76 -0.20 -0.23
17:51:15.524 0.57 0.76 -0.21 -0.24
17:51:15.704 0.57 0.76 -0.21 -0.24
17:51:15.885 0.57 0.76 -0.21 -0.24
17:51:16.05 0.57 0.76 -0.21 -0.24
17:51:16.185 0.57 0.76 -0.21 -0.24
17:51:16.365 0.57 0.76 -0.21 -0.24
17:51:16.485 0.57 0.76 -0.21 -0.24
17:51:16.666 0.57 0.76 -0.21 -0.25
17:51:16.846 0.57 0.76 -0.21 -0.25
17:51:17.25 0.57 0.76 -0.21 -0.25
17:51:17.145 0.57 0.76 -0.20 -0.24
17:51:17.325 0.57 0.76 -0.19 -0.24
17:51:17.506 0.58 0.77 -0.17 -0.22
17:51:17.625 0.58 0.78 -0.13 -0.20
17:51:17.805 0.59 0.79 -0.08 -0.17
17:51:17.985 0.59 0.80 -0.02 -0.13
17:51:18.105 0.59 0.80 0.01 -0.10
17:51:18.286 0.58 0.81 0.04 -0.08
17:51:18.465 0.57 0.82 0.06 -0.05
17:51:18.585 0.57 0.82 0.07 -0.04
17:51:18.765 0.58 0.81 0.04 -0.07
17:51:18.944 0.59 0.80 -0.01 -0.11
17:51:19.124 0.59 0.79 -0.07 -0.14
17:51:19.245 0.58 0.79 -0.10 -0.17
17:51:19.425 0.58 0.78 -0.14 -0.20
17:51:19.605 0.57 0.77 -0.17 -0.21
17:51:19.725 0.56 0.77 -0.19 -0.23
17:51:19.905 0.56 0.76 -0.21 -0.24
17:51:20.85 0.56 0.76 -0.22 -0.25
17:51:20.203 0.56 0.76 -0.22 -0.25
17:51:20.385 0.56 0.76 -0.22 -0.25
17:51:20.565 0.56 0.76 -0.22 -0.25
17:51:20.743 0.56 0.76 -0.23 -0.25
17:51:20.865 0.56 0.76 -0.23 -0.26
17:51:21.45 0.56 0.76 -0.23 -0.26
17:51:21.224 0.56 0.76 -0.23 -0.26
17:51:21.345 0.56 0.76 -0.23 -0.26
17:51:21.525 0.56 0.76 -0.23 -0.26
17:51:21.705 0.56 0.76 -0.23 -0.26
17:51:21.825 0.56 0.76 -0.22 -0.26
17:51:22.04 0.56 0.76 -0.20 -0.24
17:51:22.185 0.57 0.77 -0.17 -0.22
17:51:22.365 0.58 0.78 -0.13 -0.20
17:51:22.484 0.58 0.79 -0.08 -0.16
17:51:22.664 0.58 0.80 -0.03 -0.13
17:51:22.845 0.58 0.81 0.00 -0.10
17:51:22.964 0.57 0.82 0.02 -0.09
17:51:23.145 0.56 0.82 0.04 -0.07
17:51:23.325 0.56 0.82 0.05 -0.06
17:51:23.505 0.57 0.82 0.03 -0.08
17:51:23.625 0.58 0.81 -0.01 -0.11
17:51:23.806 0.58 0.80 -0.06 -0.14
17:51:23.985 0.58 0.79 -0.10 -0.18
17:51:24.104 0.57 0.78 -0.14 -0.20
17:51:24.283 0.57 0.77 -0.18 -0.23
17:51:24.464 0.56 0.76 -0.21 -0.25
17:51:24.585 0.55 0.76 -0.23 -0.26
17:51:24.765 0.55 0.75 -0.26 -0.27
17:51:24.944 0.54 0.75 -0.26 -0.28
17:51:25.125 0.55 0.75 -0.26 -0.28
17:51:25.245 0.55 0.74 -0.26 -0.28
17:51:25.425 0.55 0.74 -0.27 -0.28
17:51:25.605 0.54 0.74 -0.27 -0.28
17:51:25.725 0.54 0.74 -0.27 -0.28
17:51:25.906 0.54 0.74 -0.27 -0.28
17:51:26.85 0.54 0.74 -0.27 -0.28
17:51:26.205 0.54 0.74 -0.27 -0.28
17:51:26.385 0.55 0.75 -0.26 -0.28
17:51:26.564 0.56 0.75 -0.23 -0.26
17:51:26.745 0.56 0.76 -0.21 -0.25
17:51:26.865 0.57 0.77 -0.17 -0.23
17:51:27.45 0.58 0.78 -0.13 -0.20
17:51:27.225 0.58 0.79 -0.08 -0.17
17:51:27.345 0.58 0.80 -0.05 -0.13
17:51:27.525 0.57 0.81 -0.01 -0.10
17:51:27.705 0.57 0.82 0.02 -0.08
17:51:27.825 0.57 0.82 0.02 -0.07
17:51:28.06 0.57 0.82 0.02 -0.07
17:51:28.185 0.57 0.81 -0.01 -0.10
17:51:28.365 0.58 0.80 -0.05 -0.13
17:51:28.484 0.58 0.79 -0.10 -0.17
17:51:28.665 0.58 0.78 -0.14 -0.19
17:51:28.844 0.57 0.77 -0.17 -0.22
17:51:28.965 0.56 0.76 -0.21 -0.24
17:51:29.143 0.55 0.75 -0.24 -0.26
17:51:29.325 0.54 0.75 -0.27 -0.28
17:51:29.504 0.54 0.74 -0.27 -0.28
17:51:29.624 0.54 0.74 -0.27 -0.28
17:51:29.805 0.54 0.74 -0.27 -0.28
17:51:29.985 0.54 0.74 -0.27 -0.28
17:51:30.105 0.54 0.74 -0.27 -0.28
17:51:30.285 0.54 0.74 -0.28 -0.29
17:51:30.465 0.54 0.74 -0.28 -0.29
17:51:30.585 0.54 0.74 -0.28 -0.29
17:51:30.765 0.54 0.74 -0.27 -0.29
17:51:30.945 0.54 0.74 -0.27 -0.29
17:51:31.66 0.55 0.75 -0.25 -0.28
17:51:31.244 0.56 0.76 -0.22 -0.26
17:51:31.425 0.56 0.77 -0.19 -0.24
17:51:31.545 0.57 0.78 -0.15 -0.22
17:51:31.725 0.57 0.79 -0.12 -0.20
17:51:31.904 0.57 0.80 -0.08 -0.17
17:51:32.85 0.57 0.81 -0.06 -0.15
17:51:32.205 0.57 0.81 -0.03 -0.13
17:51:32.385 0.56 0.82 -0.01 -0.11
17:51:32.566 0.56 0.82 -0.00 -0.10
17:51:32.685 0.56 0.82 -0.01 -0.10
17:51:32.864 0.57 0.81 -0.05 -0.14
17:51:33.44 0.58 0.79 -0.10 -0.17
17:51:33.224 0.57 0.78 -0.14 -0.20
17:51:33.344 0.57 0.77 -0.18 -0.23
17:51:33.524 0.56 0.76 -0.21 -0.25
17:51:33.706 0.55 0.75 -0.24 -0.26
17:51:33.825 0.54 0.75 -0.26 -0.28
17:51:34.06 0.54 0.74 -0.28 -0.29
17:51:34.186 0.53 0.73 -0.30 -0.30
17:51:34.364 0.53 0.73 -0.31 -0.31
17:51:34.485 0.53 0.73 -0.30 -0.31
17:51:34.665 0.53 0.73 -0.30 -0.31
17:51:34.845 0.53 0.73 -0.31 -0.31
17:51:35.85 0.53 0.73 -0.31 -0.31
17:51:35.264 0.53 0.73 -0.31 -0.31
17:51:35.445 0.53 0.73 -0.31 -0.31
17:51:35.565 0.53 0.73 -0.29 -0.30
17:51:35.745 0.55 0.74 -0.26 -0.28
17:51:35.925 0.56 0.76 -0.22 -0.26
17:51:36.43 0.56 0.77 -0.17 -0.23
17:51:36.224 0.57 0.78 -0.13 -0.21
17:51:36.405 0.57 0.79 -0.10 -0.19
17:51:36.523 0.57 0.80 -0.08 -0.16
17:51:36.704 0.57 0.81 -0.05 -0.14
17:51:36.885 0.57 0.81 -0.04 -0.13
17:51:37.64 0.57 0.81 -0.04 -0.13
17:51:37.185 0.57 0.80 -0.07 -0.15
17:51:37.365 0.57 0.79 -0.11 -0.18
17:51:37.546 0.57 0.78 -0.16 -0.22
17:51:37.665 0.56 0.76 -0.20 -0.24
17:51:37.845 0.56 0.75 -0.23 -0.26
17:51:38.24 0.54 0.74 -0.26 -0.28
17:51:38.145 0.53 0.73 -0.29 -0.30
17:51:38.325 0.52 0.72 -0.32 -0.32
17:51:38.505 0.52 0.72 -0.34 -0.33
17:51:38.685 0.52 0.72 -0.34 -0.33
17:51:38.805 0.52 0.72 -0.33 -0.33
17:51:38.984 0.52 0.72 -0.34 -0.33
17:51:39.166 0.52 0.72 -0.34 -0.33
17:51:39.285 0.52 0.72 -0.34 -0.33
17:51:39.465 0.51 0.72 -0.34 -0.33
17:51:39.645 0.51 0.71 -0.34 -0.33
17:51:39.824 0.51 0.71 -0.34 -0.33
17:51:39.946 0.52 0.72 -0.34 -0.33
17:51:40.124 0.52 0.72 -0.32 -0.32
17:51:40.304 0.53 0.73 -0.29 -0.31
17:51:40.485 0.54 0.75 -0.26 -0.29
17:51:40.606 0.55 0.76 -0.22 -0.27
17:51:40.785 0.56 0.78 -0.18 -0.24
17:51:40.965 0.56 0.79 -0.12 -0.20
17:51:41.85 0.56 0.81 -0.08 -0.17
17:51:41.265 0.56 0.81 -0.06 -0.15
17:51:41.445 0.56 0.82 -0.06 -0.14
17:51:41.625 0.57 0.80 -0.08 -0.16
17:51:41.745 0.57 0.78 -0.14 -0.20
17:51:41.925 0.56 0.76 -0.20 -0.25
17:51:42.105 0.54 0.75 -0.26 -0.28
17:51:42.225 0.53 0.74 -0.29 -0.30
17:51:42.403 0.52 0.73 -0.32 -0.32
17:51:42.585 0.51 0.72 -0.34 -0.33
17:51:42.705 0.51 0.71 -0.35 -0.34
17:51:42.884 0.51 0.71 -0.35 -0.34
17:51:43.65 0.51 0.71 -0.35 -0.34
17:51:43.185 0.51 0.71 -0.35 -0.34
17:51:43.365 0.50 0.71 -0.35 -0.34
17:51:43.545 0.50 0.71 -0.35 -0.34
17:51:43.724 0.50 0.71 -0.35 -0.34
17:51:43.844 0.50 0.71 -0.35 -0.34
17:51:44.24 0.50 0.71 -0.35 -0.34
17:51:44.205 0.50 0.71 -0.35 -0.34
17:51:44.325 0.51 0.71 -0.34 -0.34
17:51:44.504 0.52 0.72 -0.32 -0.33
17:51:44.685 0.54 0.73 -0.29 -0.31
17:51:44.806 0.55 0.75 -0.25 -0.28
17:51:44.984 0.56 0.77 -0.20 -0.25
17:51:45.165 0.56 0.78 -0.16 -0.21
17:51:45.285 0.57 0.80 -0.11 -0.17
17:51:45.465 0.56 0.81 -0.09 -0.15
17:51:45.645 0.57 0.80 -0.10 -0.15
17:51:45.825 0.57 0.79 -0.14 -0.19
17:51:45.944 0.57 0.76 -0.20 -0.24
17:51:46.124 0.55 0.74 -0.27 -0.28
17:51:46.306 0.52 0.72 -0.32 -0.32
17:51:46.425 0.50 0.71 -0.36 -0.34
17:51:46.604 0.50 0.70 -0.37 -0.35
17:51:46.785 0.50 0.70 -0.38 -0.36
17:51:46.964 0.50 0.70 -0.38 -0.36
17:51:47.84 0.50 0.70 -0.38 -0.36
17:51:47.265 0.49 0.70 -0.38 -0.36
17:51:47.445 0.49 0.70 -0.38 -0.36
17:51:47.564 0.49 0.69 -0.38 -0.36
17:51:47.746 0.49 0.70 -0.38 -0.36
17:51:47.925 0.49 0.70 -0.38 -0.36
17:51:48.105 0.49 0.70 -0.38 -0.36
17:51:48.225 0.49 0.70 -0.37 -0.35
17:51:48.405 0.51 0.71 -0.35 -0.34
17:51:48.585 0.52 0.73 -0.31 -0.32
17:51:48.707 0.54 0.75 -0.26 -0.29
17:51:48.885 0.55 0.77 -0.21 -0.25
17:51:49.66 0.56 0.78 -0.17 -0.21
17:51:49.244 0.56 0.80 -0.14 -0.19
17:51:49.365 0.55 0.81 -0.12 -0.17
17:51:49.544 0.55 0.81 -0.12 -0.17
17:51:49.725 0.56 0.79 -0.15 -0.20
17:51:49.844 0.55 0.77 -0.20 -0.24
17:51:50.23 0.54 0.75 -0.26 -0.28
17:51:50.206 0.52 0.73 -0.31 -0.31
17:51:50.325 0.50 0.71 -0.36 -0.35
17:51:50.505 0.49 0.69 -0.39 -0.36
17:51:50.684 0.49 0.69 -0.39 -0.36
17:51:50.865 0.49 0.69 -0.38 -0.36
17:51:50.985 0.49 0.69 -0.38 -0.36
17:51:51.165 0.49 0.69 -0.39 -0.36
17:51:51.345 0.49 0.69 -0.38 -0.36
17:51:51.465 0.49 0.69 -0.39 -0.37
17:51:51.644 0.49 0.69 -0.39 -0.37
17:51:51.825 0.49 0.69 -0.39 -0.37
17:51:51.945 0.49 0.69 -0.39 -0.37
17:51:52.125 0.49 0.69 -0.38 -0.37
17:51:52.305 0.50 0.70 -0.37 -0.36
17:51:52.485 0.51 0.71 -0.35 -0.35
17:51:52.605 0.52 0.72 -0.32 -0.33
17:51:52.783 0.53 0.74 -0.28 -0.31
17:51:52.964 0.54 0.76 -0.23 -0.28
17:51:53.84 0.54 0.78 -0.19 -0.25
17:51:53.265 0.54 0.79 -0.16 -0.23
17:51:53.445 0.55 0.80 -0.14 -0.20
17:51:53.626 0.54 0.81 -0.11 -0.18
17:51:53.745 0.55 0.81 -0.11 -0.17
17:51:53.925 0.55 0.80 -0.14 -0.20
17:51:54.105 0.55 0.78 -0.19 -0.25
17:51:54.225 0.54 0.75 -0.25 -0.29
17:51:54.405 0.52 0.73 -0.30 -0.32
17:51:54.585 0.51 0.71 -0.35 -0.35
17:51:54.706 0.49 0.69 -0.38 -0.36
17:51:54.885 0.48 0.68 -0.41 -0.37
17:51:55.64 0.48 0.68 -0.41 -0.38
17:51:55.245 0.48 0.68 -0.41 -0.38
17:51:55.364 0.48 0.68 -0.41 -0.38
17:51:55.545 0.48 0.68 -0.41 -0.38
17:51:55.732 0.48 0.68 -0.41 -0.38
17:51:55.845 0.48 0.68 -0.41 -0.38
17:51:56.25 0.49 0.68 -0.40 -0.38
17:51:56.205 0.49 0.68 -0.40 -0.37
17:51:56.385 0.49 0.67 -0.41 -0.38
17:51:56.506 0.49 0.67 -0.41 -0.38
17:51:56.683 0.49 0.67 -0.42 -0.37
17:51:56.865 0.49 0.67 -0.42 -0.38
17:51:56.985 0.48 0.67 -0.42 -0.38
17:51:57.165 0.48 0.66 -0.42 -0.39
17:51:57.345 0.48 0.67 -0.41 -0.38
17:51:57.525 0.49 0.69 -0.38 -0.37
17:51:57.644 0.51 0.71 -0.34 -0.34
17:51:57.825 0.52 0.74 -0.29 -0.31
17:51:58.05 0.53 0.75 -0.25 -0.29
17:51:58.125 0.54 0.78 -0.21 -0.26
17:51:58.305 0.54 0.78 -0.19 -0.23
17:51:58.485 0.55 0.79 -0.17 -0.21
17:51:58.605 0.55 0.79 -0.17 -0.20
17:51:58.784 0.55 0.79 -0.17 -0.20
17:51:58.965 0.55 0.78 -0.20 -0.23
17:51:59.85 0.55 0.75 -0.23 -0.26
17:51:59.266 0.54 0.74 -0.27 -0.30
17:51:59.445 0.53 0.72 -0.31 -0.33
17:51:59.625 0.52 0.70 -0.34 -0.35
17:51:59.745 0.51 0.69 -0.37 -0.37
17:51:59.925 0.50 0.67 -0.39 -0.38
17:52:00.105 0.48 0.66 -0.42 -0.40
17:52:00.285 0.47 0.65 -0.43 -0.41
17:52:00.406 0.47 0.65 -0.43 -0.40
17:52:00.585 0.47 0.65 -0.43 -0.40
17:52:00.764 0.47 0.65 -0.43 -0.40
17:52:00.886 0.47 0.65 -0.43 -0.41
17:52:01.66 0.47 0.65 -0.43 -0.41
17:52:01.244 0.47 0.65 -0.43 -0.41
17:52:01.364 0.47 0.65 -0.43 -0.41
17:52:01.545 0.47 0.65 -0.43 -0.41
17:52:01.726 0.47 0.65 -0.43 -0.41
17:52:01.904 0.47 0.66 -0.43 -0.41
17:52:02.24 0.47 0.65 -0.43 -0.41
17:52:02.205 0.47 0.66 -0.43 -0.41
17:52:02.386 0.48 0.67 -0.40 -0.40
17:52:02.505 0.50 0.69 -0.37 -0.38
17:52:02.685 0.51 0.71 -0.33 -0.35
17:52:02.865 0.52 0.73 -0.29 -0.32
17:52:03.45 0.53 0.76 -0.25 -0.29
17:52:03.165 0.53 0.77 -0.22 -0.26
17:52:03.344 0.53 0.78 -0.21 -0.24
17:52:03.525 0.53 0.79 -0.19 -0.23
17:52:03.645 0.54 0.79 -0.19 -0.22
17:52:03.826 0.54 0.79 -0.19 -0.23
17:52:04.05 0.54 0.78 -0.21 -0.25
17:52:04.185 0.54 0.76 -0.25 -0.28
17:52:04.305 0.53 0.73 -0.29 -0.31
17:52:04.484 0.52 0.71 -0.33 -0.33
17:52:04.664 0.51 0.70 -0.36 -0.35
17:52:04.785 0.50 0.68 -0.39 -0.37
17:52:04.965 0.49 0.67 -0.41 -0.38
17:52:05.86 0.49 0.67 -0.41 -0.38
17:52:05.205 0.47 0.66 -0.42 -0.40
17:52:05.385 0.46 0.65 -0.45 -0.41
17:52:05.565 0.46 0.64 -0.46 -0.42
17:52:05.746 0.46 0.64 -0.45 -0.42
17:52:05.865 0.46 0.64 -0.45 -0.42
17:52:06.45 0.46 0.64 -0.46 -0.42
17:52:06.225 0.45 0.64 -0.46 -0.42
17:52:06.344 0.45 0.64 -0.46 -0.42
17:52:06.524 0.45 0.64 -0.46 -0.42
17:52:06.706 0.45 0.64 -0.46 -0.42
17:52:06.884 0.45 0.64 -0.46 -0.42
17:52:07.06 0.45 0.64 -0.46 -0.42
17:52:07.185 0.45 0.65 -0.45 -0.42
17:52:07.364 0.46 0.66 -0.43 -0.41
17:52:07.544 0.47 0.67 -0.41 -0.40
17:52:07.665 0.48 0.69 -0.38 -0.39
17:52:07.844 0.49 0.72 -0.34 -0.36
17:52:08.24 0.51 0.74 -0.29 -0.32
17:52:08.145 0.51 0.77 -0.25 -0.29
17:52:08.324 0.52 0.78 -0.23 -0.27
17:52:08.506 0.52 0.79 -0.21 -0.25
17:52:08.625 0.52 0.80 -0.20 -0.24
17:52:08.805 0.52 0.79 -0.20 -0.24
17:52:08.985 0.52 0.78 -0.22 -0.26
17:52:09.165 0.52 0.76 -0.25 -0.29
17:52:09.287 0.51 0.74 -0.30 -0.32
17:52:09.465 0.50 0.71 -0.35 -0.35
17:52:09.645 0.49 0.68 -0.39 -0.38
17:52:09.765 0.47 0.66 -0.42 -0.40
17:52:09.945 0.45 0.64 -0.45 -0.42
17:52:10.125 0.44 0.63 -0.47 -0.43
17:52:10.244 0.43 0.62 -0.48 -0.44
17:52:10.425 0.43 0.62 -0.48 -0.44
17:52:10.604 0.43 0.62 -0.48 -0.44
17:52:10.785 0.43 0.62 -0.48 -0.44
17:52:10.906 0.43 0.62 -0.48 -0.44
17:52:11.84 0.43 0.62 -0.49 -0.44
17:52:11.263 0.43 0.62 -0.49 -0.44
17:52:11.384 0.43 0.62 -0.49 -0.44
17:52:11.565 0.43 0.62 -0.48 -0.44
17:52:11.745 0.43 0.62 -0.49 -0.45
17:52:11.865 0.43 0.62 -0.49 -0.45
17:52:12.45 0.42 0.62 -0.49 -0.45
17:52:12.224 0.42 0.62 -0.49 -0.45
17:52:12.405 0.42 0.62 -0.49 -0.45
17:52:12.525 0.42 0.62 -0.49 -0.45
17:52:12.706 0.42 0.62 -0.49 -0.45
17:52:12.885 0.42 0.62 -0.49 -0.45
17:52:13.06 0.43 0.63 -0.47 -0.44
17:52:13.186 0.45 0.65 -0.44 -0.43
17:52:13.365 0.46 0.68 -0.40 -0.41
17:52:13.545 0.48 0.71 -0.35 -0.38
17:52:13.665 0.49 0.74 -0.31 -0.34
17:52:13.845 0.50 0.76 -0.28 -0.31
17:52:14.24 0.50 0.78 -0.25 -0.28
17:52:14.145 0.51 0.79 -0.24 -0.26
17:52:14.325 0.51 0.79 -0.23 -0.26
17:52:14.505 0.51 0.78 -0.24 -0.27
17:52:14.625 0.51 0.76 -0.27 -0.30
17:52:14.804 0.50 0.73 -0.32 -0.34
17:52:14.985 0.49 0.70 -0.36 -0.37
17:52:15.106 0.47 0.68 -0.40 -0.40
17:52:15.285 0.46 0.65 -0.44 -0.42
17:52:15.465 0.44 0.63 -0.47 -0.43
17:52:15.645 0.43 0.61 -0.49 -0.45
17:52:15.765 0.43 0.61 -0.49 -0.45
17:52:15.945 0.42 0.61 -0.49 -0.45
17:52:16.125 0.42 0.61 -0.50 -0.45
17:52:16.245 0.42 0.61 -0.50 -0.45
17:52:16.425 0.42 0.61 -0.50 -0.45
17:52:16.603 0.41 0.62 -0.50 -0.45
17:52:16.724 0.40 0.61 -0.52 -0.45
17:52:16.904 0.39 0.59 -0.54 -0.46
17:52:17.83 0.39 0.58 -0.55 -0.46
