17:48:29.72 1.00 -0.00 0.02 -0.01
17:48:29.238 1.00 -0.00 0.02 -0.01
17:48:29.388 1.00 -0.00 0.02 -0.01
17:48:29.552 1.00 -0.00 0.02 -0.01
17:48:29.749 1.00 -0.00 0.02 -0.01
17:48:29.927 1.00 -0.00 0.02 -0.01
17:48:30.49 1.00 -0.00 0.02 -0.01
17:48:30.229 1.00 -0.00 0.02 -0.01
17:48:30.409 1.00 -0.00 0.02 -0.01
17:48:30.529 1.00 -0.00 0.02 -0.01
17:48:30.709 1.00 -0.00 0.02 -0.01
17:48:30.889 1.00 -0.00 0.02 -0.01
17:48:31.08 1.00 -0.00 0.02 -0.01
17:48:31.189 1.00 -0.00 0.02 -0.01
17:48:31.370 1.00 -0.00 0.02 -0.01
17:48:31.489 1.00 -0.00 0.02 -0.01
17:48:31.669 1.00 -0.00 0.02 -0.01
17:48:31.848 1.00 -0.00 0.02 -0.01
17:48:32.29 1.00 -0.00 0.02 -0.01
17:48:32.149 1.00 -0.00 0.02 -0.01
17:48:32.330 1.00 -0.00 0.02 -0.01
17:48:32.510 1.00 -0.00 0.02 -0.01
17:48:32.628 1.00 -0.00 0.02 -0.01
17:48:32.809 1.00 -0.00 0.02 -0.01
17:48:32.989 1.00 -0.00 0.02 -0.01
17:48:33.109 1.00 -0.00 0.02 -0.01
17:48:33.289 1.00 -0.00 0.02 -0.01
17:48:33.469 1.00 -0.00 0.02 -0.01
17:48:33.650 1.00 -0.00 0.02 -0.01
17:48:33.769 1.00 -0.00 0.02 -0.01
17:48:33.948 1.00 -0.00 0.02 -0.01
17:48:34.128 1.00 -0.00 0.02 -0.01
17:48:34.247 1.00 -0.00 0.02 -0.01
17:48:34.429 1.00 -0.00 0.02 -0.01
17:48:34.609 1.00 -0.00 0.02 -0.01
17:48:34.728 1.00 -0.00 0.02 -0.01
17:48:34.909 1.00 -0.00 0.02 -0.01
17:48:35.89 1.00 -0.00 0.02 -0.01
17:48:35.269 1.00 -0.00 0.02 -0.01
17:48:35.390 1.00 -0.00 0.02 -0.01
17:48:35.567 1.00 -0.00 0.02 -0.01
17:48:35.688 1.00 -0.00 0.02 -0.01
17:48:35.877 1.00 -0.00 0.02 -0.01
17:48:36.48 1.00 -0.00 0.02 -0.01
17:48:36.167 1.00 -0.00 0.02 -0.01
17:48:36.347 1.00 -0.00 0.02 -0.01
17:48:36.528 1.00 -0.00 0.02 -0.00
17:48:36.709 1.00 -0.00 0.02 -0.01
17:48:36.827 1.00 -0.00 0.02 -0.01
17:48:37.08 1.00 -0.00 0.02 -0.01
17:48:37.189 1.00 -0.00 0.02 -0.01
17:48:37.310 1.00 -0.00 0.02 -0.01
17:48:37.489 1.00 -0.00 0.02 -0.01
17:48:37.669 1.00 -0.00 0.02 -0.01
17:48:37.787 1.00 -0.00 0.02 -0.01
17:48:37.969 1.00 -0.00 0.02 -0.01
17:48:38.149 1.00 -0.00 0.02 -0.01
17:48:38.269 1.00 -0.00 0.02 -0.01
17:48:38.448 1.00 -0.00 0.02 -0.01
17:48:38.630 1.00 -0.00 0.02 -0.00
17:48:38.808 1.00 -0.00 0.02 -0.00
17:48:38.930 1.00 -0.00 0.02 -0.00
17:48:39.109 1.00 -0.00 0.02 -0.00
17:48:39.288 1.00 -0.00 0.02 -0.00
17:48:39.408 1.00 -0.00 0.02 -0.00
17:48:39.589 1.00 -0.00 0.02 -0.00
17:48:39.769 1.00 -0.00 0.02 -0.00
17:48:39.888 1.00 -0.00 0.02 -0.00
17:48:40.67 1.00 -0.00 0.02 -0.01
17:48:40.248 1.00 -0.00 0.02 -0.01
17:48:40.429 1.00 -0.00 0.02 -0.01
17:48:40.547 1.00 -0.00 0.02 -0.01
17:48:40.729 1.00 -0.00 0.02 -0.01
17:48:40.907 1.00 -0.00 0.02 -0.00
17:48:41.29 1.00 -0.00 0.02 -0.00
17:48:41.208 1.00 -0.00 0.02 -0.00
17:48:41.389 1.00 -0.00 0.02 -0.00
17:48:41.509 1.00 -0.00 0.02 -0.00
17:48:41.689 1.00 -0.00 0.02 -0.00
17:48:41.869 1.00 -0.00 0.02 -0.00
17:48:41.989 1.00 -0.00 0.02 -0.00
17:48:42.168 1.00 -0.00 0.02 -0.00
17:48:42.348 1.00 -0.00 0.02 -0.00
17:48:42.470 1.00 -0.00 0.02 -0.00
17:48:42.649 1.00 -0.00 0.02 -0.01
17:48:42.829 1.00 -0.00 0.02 -0.01
17:48:42.948 1.00 -0.00 0.02 -0.00
17:48:43.128 1.00 -0.00 0.02 -0.01
17:48:43.310 1.00 -0.00 0.02 -0.01
17:48:43.427 1.00 -0.00 0.02 -0.01
17:48:43.610 1.00 -0.00 0.02 -0.01
17:48:43.788 1.00 -0.00 0.02 -0.01
17:48:43.908 1.00 -0.00 0.02 -0.01
17:48:44.89 1.00 -0.00 0.02 -0.01
17:48:44.268 1.00 -0.00 0.02 -0.01
17:48:44.388 1.00 -0.00 0.02 -0.01
17:48:44.569 1.00 -0.00 0.02 -0.01
17:48:44.749 1.00 -0.00 0.02 -0.01
17:48:44.869 1.00 -0.00 0.02 -0.01
17:48:45.50 1.00 -0.00 0.02 -0.01
17:48:45.229 1.00 -0.00 0.02 -0.01
17:48:45.349 1.00 -0.00 0.02 -0.01
17:48:45.527 1.00 -0.00 0.02 -0.01
17:48:45.708 1.00 -0.00 0.02 -0.01
17:48:45.888 1.00 -0.00 0.02 -0.01
17:48:46.09 1.00 -0.00 0.02 -0.01
17:48:46.189 1.00 -0.00 0.02 -0.01
17:48:46.369 1.00 -0.00 0.02 -0.01
17:48:46.489 1.00 -0.00 0.02 -0.01
17:48:46.669 1.00 -0.00 0.02 -0.01
17:48:46.849 1.00 -0.00 0.02 -0.01
17:48:46.970 1.00 -0.00 0.02 -0.01
17:48:47.149 1.00 -0.00 0.02 -0.01
17:48:47.329 1.00 -0.00 0.02 -0.01
17:48:47.508 1.00 -0.00 0.02 -0.01
17:48:47.628 1.00 -0.00 0.02 -0.01
17:48:47.809 1.00 -0.00 0.02 -0.01
17:48:47.988 1.00 -0.00 0.02 -0.01
17:48:48.169 1.00 -0.00 0.02 -0.01
17:48:48.469 1.00 -0.00 0.02 -0.01
17:48:48.587 1.00 -0.00 0.02 -0.01
17:48:48.769 1.00 -0.00 0.02 -0.01
17:48:48.951 1.00 -0.00 0.02 -0.01
17:48:49.128 1.00 -0.00 0.02 -0.01
17:48:49.249 1.00 -0.00 0.02 -0.01
17:48:49.429 1.00 -0.00 0.02 -0.01
17:48:49.607 1.00 -0.00 0.02 -0.01
17:48:49.730 1.00 -0.00 0.02 -0.01
17:48:49.908 1.00 -0.00 0.02 -0.01
17:48:50.89 1.00 -0.00 0.02 -0.01
17:48:50.209 1.00 -0.00 0.02 -0.01
17:48:50.388 1.00 -0.00 0.02 -0.01
17:48:50.569 1.00 -0.00 0.02 -0.01
17:48:50.689 1.00 -0.00 0.02 -0.01
17:48:50.868 1.00 -0.00 0.02 -0.01
17:48:51.48 1.00 -0.00 0.02 -0.01
17:48:51.166 1.00 -0.00 0.02 -0.01
17:48:51.348 1.00 -0.00 0.02 -0.01
17:48:51.528 1.00 -0.00 0.02 -0.01
17:48:51.709 1.00 -0.00 0.02 -0.01
17:48:51.829 1.00 -0.00 0.02 -0.01
17:48:52.09 1.00 -0.00 0.02 -0.01
17:48:52.190 1.00 -0.00 0.02 -0.01
17:48:52.309 1.00 -0.00 0.02 -0.01
17:48:52.488 1.00 -0.00 0.02 -0.01
17:48:52.668 1.00 -0.00 0.02 -0.01
17:48:52.789 1.00 -0.00 0.02 -0.01
17:48:52.969 1.00 -0.00 0.02 -0.01
17:48:53.149 1.00 -0.00 0.02 -0.01
17:48:53.268 1.00 -0.00 0.02 -0.01
17:48:53.449 1.00 -0.00 0.02 -0.01
17:48:53.630 1.00 -0.00 0.02 -0.01
17:48:53.749 1.00 -0.00 0.02 -0.01
17:48:53.929 1.00 -0.00 0.02 -0.01
17:48:54.109 1.00 -0.00 0.02 -0.01
17:48:54.288 1.00 -0.00 0.02 -0.01
17:48:54.409 1.00 -0.00 0.02 -0.01
17:48:54.589 1.00 -0.00 0.02 -0.01
17:48:54.769 1.00 -0.00 0.02 -0.01
17:48:54.889 1.00 -0.00 0.02 -0.01
17:48:55.68 1.00 -0.00 0.02 -0.01
17:48:55.250 1.00 -0.00 0.02 -0.01
17:48:55.368 1.00 -0.00 0.02 -0.01
17:48:55.550 1.00 -0.00 0.02 -0.01
17:48:55.729 1.00 -0.00 0.02 -0.01
17:48:55.848 1.00 -0.00 0.02 -0.01
17:48:56.30 1.00 -0.00 0.02 -0.01
17:48:56.208 1.00 -0.00 0.02 -0.01
17:48:56.388 1.00 -0.00 0.02 -0.01
17:48:56.509 1.00 -0.00 0.02 -0.01
17:48:56.690 1.00 -0.00 0.02 -0.01
17:48:56.870 1.00 -0.00 0.02 -0.01
17:48:56.989 1.00 -0.00 0.02 -0.01
17:48:57.168 1.00 -0.00 0.02 -0.01
17:48:57.350 1.00 -0.00 0.02 -0.01
17:48:57.469 1.00 -0.00 0.02 -0.01
17:48:57.648 1.00 -0.00 0.02 -0.01
17:48:57.830 1.00 -0.00 0.02 -0.01
17:48:58.08 1.00 -0.00 0.02 -0.01
17:48:58.129 1.00 -0.00 0.02 -0.01
17:48:58.311 1.00 -0.00 0.02 -0.01
17:48:58.488 1.00 -0.00 0.02 -0.01
17:48:58.608 1.00 -0.00 0.02 -0.01
17:48:58.786 1.00 -0.00 0.02 -0.01
17:48:58.971 1.00 -0.00 0.02 -0.01
17:48:59.88 1.00 -0.00 0.02 -0.01
17:48:59.269 1.00 -0.00 0.02 -0.01
17:48:59.448 1.00 -0.00 0.02 -0.01
17:48:59.568 1.00 -0.00 0.02 -0.01
17:48:59.749 1.00 -0.00 0.02 -0.01
17:48:59.928 1.00 -0.00 0.02 -0.01
17:49:00.47 1.00 -0.00 0.02 -0.01
17:49:00.230 1.00 -0.00 0.02 -0.01
17:49:00.410 1.00 -0.00 0.02 -0.01
17:49:00.590 1.00 -0.00 0.02 -0.01
17:49:00.709 1.00 -0.00 0.02 -0.01
17:49:00.888 1.00 -0.00 0.02 -0.01
17:49:01.67 1.00 -0.00 0.02 -0.01
17:49:01.189 1.00 -0.00 0.02 -0.01
17:49:01.369 1.00 -0.00 0.02 -0.01
17:49:01.549 1.00 -0.00 0.02 -0.01
17:49:01.669 1.00 -0.00 0.02 -0.01
17:49:01.848 1.00 -0.00 0.02 -0.01
17:49:02.29 1.00 -0.00 0.02 -0.01
17:49:02.149 1.00 -0.00 0.02 -0.01
17:49:02.329 1.00 -0.00 0.02 -0.01
17:49:02.508 1.00 -0.00 0.02 -0.01
17:49:02.629 1.00 -0.00 0.02 -0.01
17:49:02.809 1.00 -0.00 0.02 -0.01
17:49:02.988 1.00 -0.00 0.02 -0.01
17:49:03.168 1.00 -0.00 0.02 -0.01
17:49:03.289 1.00 -0.00 0.02 -0.01
17:49:03.467 1.00 -0.00 0.02 -0.01
17:49:03.648 1.00 -0.00 0.02 -0.01
17:49:03.948 1.00 -0.00 0.02 -0.01
17:49:04.127 1.00 -0.00 0.02 -0.01
17:49:04.249 1.00 -0.00 0.02 -0.01
17:49:04.429 1.00 -0.00 0.02 -0.01
17:49:04.608 1.00 -0.00 0.02 -0.01
17:49:04.729 1.00 -0.00 0.02 -0.01
17:49:04.909 1.00 -0.00 0.02 -0.01
17:49:05.88 1.00 -0.00 0.02 -0.01
17:49:05.231 1.00 -0.00 0.02 -0.01
17:49:05.389 1.00 -0.00 0.02 -0.01
17:49:05.569 1.00 -0.00 0.02 -0.01
17:49:05.747 1.00 -0.00 0.02 -0.01
17:49:05.869 1.00 -0.00 0.02 -0.01
17:49:06.49 1.00 -0.00 0.02 -0.01
17:49:06.229 1.00 -0.00 0.02 -0.01
17:49:06.346 1.00 -0.00 0.02 -0.01
17:49:06.530 1.00 -0.00 0.02 -0.01
17:49:06.708 1.00 -0.00 0.02 -0.01
17:49:06.828 1.00 -0.00 0.02 -0.01
17:49:07.07 1.00 -0.00 0.02 -0.01
17:49:07.188 1.00 -0.00 0.02 -0.01
17:49:07.308 1.00 -0.00 0.02 -0.01
17:49:07.489 1.00 -0.00 0.02 -0.01
17:49:07.669 1.00 -0.00 0.02 -0.01
17:49:07.789 1.00 -0.00 0.02 -0.01
17:49:07.968 1.00 -0.00 0.02 -0.01
17:49:08.149 1.00 -0.00 0.02 -0.01
17:49:08.269 1.00 -0.00 0.02 -0.01
17:49:08.448 1.00 -0.00 0.02 -0.01
17:49:08.627 1.00 -0.00 0.02 -0.01
17:49:08.748 1.00 -0.00 0.02 -0.01
17:49:08.930 1.00 -0.00 0.02 -0.01
17:49:09.109 1.00 -0.00 0.02 -0.01
17:49:09.289 1.00 -0.00 0.02 -0.01
17:49:09.408 1.00 -0.00 0.02 -0.01
17:49:09.588 1.00 -0.00 0.02 -0.01
17:49:09.768 1.00 -0.00 0.02 -0.01
17:49:09.888 1.00 -0.00 0.02 -0.01
17:50:08.268 1.00 -0.00 0.03 -0.00
17:50:08.599 1.00 -0.00 0.03 -0.00
17:50:08.928 1.00 -0.00 0.03 -0.00
17:50:09.289 1.00 -0.00 0.03 -0.00
17:50:09.589 1.00 -0.00 0.03 0.00
17:50:09.889 1.00 -0.01 0.03 0.00
17:50:10.249 1.00 -0.00 0.03 0.00
17:50:10.549 1.00 -0.00 0.03 0.00
17:50:10.849 1.00 -0.00 0.03 0.00
17:50:11.209 1.00 -0.01 0.03 0.00
17:50:11.509 1.00 -0.00 0.03 0.00
17:50:11.869 1.00 -0.00 0.03 0.00
17:50:12.167 1.00 -0.00 0.03 0.00
17:50:12.468 1.00 -0.01 0.03 0.00
17:50:12.828 1.00 -0.01 0.03 0.00
17:50:13.128 1.00 -0.00 0.03 0.00
17:50:13.489 1.00 -0.00 0.03 0.00
17:50:13.788 1.00 -0.00 0.03 0.00
17:50:14.89 1.00 -0.00 0.03 0.00
17:50:14.449 1.00 -0.00 0.03 0.00
17:50:14.749 1.00 -0.00 0.03 0.00
17:50:15.49 1.00 -0.00 0.03 0.00
17:50:15.409 1.00 -0.00 0.03 0.00
17:50:15.708 1.00 -0.00 0.03 0.00
17:50:16.08 1.00 -0.00 0.03 0.00
17:50:16.368 1.00 -0.00 0.03 0.00
17:50:16.667 1.00 -0.00 0.03 0.00
17:50:17.29 1.00 -0.00 0.03 0.00
17:50:17.330 1.00 -0.00 0.03 0.00
17:50:17.627 1.00 -0.00 0.03 0.00
17:50:17.989 1.00 -0.00 0.03 0.00
17:50:18.287 1.00 -0.00 0.03 0.00
17:50:18.589 1.00 -0.00 0.03 0.00
17:50:18.950 1.00 -0.00 0.03 0.00
17:50:19.249 1.00 -0.00 0.03 0.00
17:50:19.608 1.00 -0.00 0.03 0.00
17:50:19.911 1.00 -0.00 0.03 0.00
17:50:20.209 1.00 -0.00 0.03 0.00
17:50:20.569 1.00 -0.00 0.03 0.00
17:50:20.869 1.00 -0.00 0.03 0.00
17:50:21.169 1.00 -0.00 0.03 0.00
17:50:21.529 1.00 -0.00 0.03 0.00
17:50:21.830 1.00 -0.00 0.03 0.00
17:50:22.188 1.00 -0.00 0.03 0.00
17:50:22.489 1.00 -0.00 0.03 0.00
17:50:22.789 1.00 -0.00 0.03 0.00
17:50:23.150 1.00 -0.00 0.03 0.00
17:50:23.451 1.00 -0.00 0.03 0.00
17:50:23.810 1.00 -0.00 0.03 0.00
17:50:24.108 1.00 -0.00 0.03 0.00
17:50:24.409 1.00 -0.00 0.03 0.00
17:50:24.767 1.00 -0.00 0.03 0.00
17:50:25.69 1.00 -0.00 0.03 0.00
17:50:25.368 1.00 -0.00 0.03 0.00
17:50:25.730 1.00 -0.00 0.03 0.00
17:50:26.28 1.00 -0.00 0.03 0.00
17:50:26.329 1.00 -0.00 0.03 0.00
17:50:26.691 1.00 -0.00 0.03 0.00
17:50:26.988 1.00 -0.00 0.03 0.00
17:50:27.348 1.00 -0.00 0.03 0.00
17:50:27.649 1.00 -0.00 0.03 0.00
17:50:27.949 1.00 -0.01 0.03 0.00
17:50:28.310 1.00 -0.00 0.03 0.00
17:50:28.609 1.00 -0.00 0.03 0.00
17:50:28.968 1.00 -0.01 0.03 0.00
17:50:29.268 1.00 -0.00 0.03 0.00
17:50:29.570 1.00 -0.00 0.03 0.00
17:50:29.930 1.00 -0.01 0.03 0.00
17:50:30.229 1.00 -0.01 0.03 0.00
17:50:30.529 1.00 -0.01 0.03 0.00
17:50:30.889 1.00 -0.00 0.03 0.00
17:50:31.188 1.00 -0.00 0.03 0.00
17:50:31.547 1.00 -0.01 0.03 0.00
17:50:31.847 1.00 -0.00 0.03 0.00
17:50:32.147 1.00 -0.00 0.03 0.00
17:50:32.510 1.00 -0.00 0.03 0.00
17:50:32.807 1.00 -0.01 0.03 0.00
17:50:33.168 1.00 -0.00 0.03 0.00
17:50:33.468 1.00 -0.00 0.03 0.00
17:50:33.769 1.00 -0.01 0.03 0.00
17:50:34.130 1.00 -0.01 0.03 0.00
17:50:34.429 1.00 -0.01 0.03 0.00
17:50:34.909 1.00 -0.01 0.03 0.00
17:50:35.269 1.00 -0.01 0.03 0.00
17:50:35.570 1.00 -0.01 0.03 0.00
17:50:35.869 1.00 -0.01 0.03 0.00
17:50:36.229 1.00 -0.01 0.03 0.00
17:50:36.529 1.00 -0.01 0.03 0.00
17:50:36.829 1.00 -0.01 0.03 0.00
17:50:37.188 1.00 -0.01 0.03 0.00
17:50:37.487 1.00 -0.01 0.03 0.00
17:50:37.789 1.00 -0.01 0.03 0.00
17:50:38.150 1.00 -0.01 0.03 0.00
17:50:38.448 1.00 -0.00 0.03 0.00
17:50:38.807 1.00 -0.00 0.03 0.00
17:50:39.109 1.00 -0.00 0.03 0.00
17:50:39.409 1.00 -0.00 0.03 0.00
17:50:39.768 1.00 -0.00 0.03 0.00
17:50:40.68 1.00 -0.00 0.03 0.00
17:50:40.427 1.00 -0.00 0.03 0.00
17:50:40.731 1.00 -0.00 0.03 0.00
17:50:41.28 1.00 -0.00 0.03 0.00
17:50:41.390 1.00 -0.00 0.03 0.00
17:50:41.688 1.00 -0.00 0.03 0.00
17:50:41.989 1.00 -0.00 0.03 0.00
17:50:42.349 1.00 -0.00 0.03 0.00
17:50:42.649 1.00 -0.00 0.03 0.00
17:50:43.08 1.00 -0.00 0.03 0.00
17:50:43.307 1.00 -0.00 0.03 0.00
17:50:43.610 1.00 -0.00 0.03 0.00
17:50:43.968 1.00 -0.00 0.03 0.00
17:50:44.269 1.00 -0.00 0.03 0.00
17:50:44.569 1.00 -0.00 0.03 0.00
17:50:44.928 1.00 -0.00 0.03 0.00
17:50:45.229 1.00 -0.00 0.03 0.00
17:50:45.588 1.00 -0.00 0.03 0.00
17:50:45.889 1.00 -0.00 0.03 0.00
17:50:46.189 1.00 -0.00 0.03 0.00
17:50:46.548 1.00 -0.00 0.03 0.00
17:50:46.849 1.00 -0.00 0.03 0.00
17:50:47.210 1.00 -0.00 0.03 0.00
17:50:47.510 1.00 -0.00 0.03 0.00
17:50:47.809 1.00 -0.00 0.03 0.00
17:50:48.168 1.00 -0.00 0.03 0.00
17:50:48.470 1.00 -0.00 0.03 0.00
17:50:48.769 1.00 -0.00 0.03 0.00
17:50:49.129 1.00 -0.00 0.03 0.00
17:50:49.429 1.00 -0.01 0.03 0.00
17:50:49.790 1.00 -0.00 0.03 0.00
17:50:50.88 1.00 -0.00 0.03 0.00
17:50:50.388 1.00 -0.00 0.03 0.00
17:50:50.749 1.00 -0.00 0.03 0.00
17:50:51.49 1.00 -0.00 0.03 0.00
17:50:51.349 1.00 -0.00 0.03 0.00
17:50:51.709 1.00 -0.00 0.03 0.00
17:50:52.09 1.00 -0.00 0.03 0.00
17:50:52.369 1.00 -0.00 0.03 0.00
17:50:52.668 1.00 -0.00 0.03 0.00
17:50:52.969 1.00 -0.00 0.03 0.00
17:50:53.329 1.00 -0.00 0.03 0.00
17:50:53.629 1.00 -0.00 0.03 0.00
17:50:53.928 1.00 -0.00 0.03 0.00
17:50:54.288 1.00 -0.01 0.03 0.00
17:50:54.588 1.00 -0.00 0.03 0.00
17:50:54.949 1.00 -0.00 0.03 0.00
17:50:55.249 1.00 -0.01 0.03 0.00
17:50:55.549 1.00 -0.00 0.03 0.00
17:50:55.909 1.00 -0.00 0.03 0.00
17:50:56.209 1.00 -0.00 0.03 0.00
17:50:56.569 1.00 -0.00 0.03 0.00
17:50:56.869 1.00 -0.00 0.03 0.00
17:50:57.169 1.00 -0.00 0.03 0.00
17:50:57.528 1.00 -0.00 0.03 0.00
17:50:57.828 1.00 -0.01 0.03 0.00
17:50:58.129 1.00 -0.00 0.03 0.00
17:50:58.487 1.00 -0.01 0.03 0.00
17:50:58.790 1.00 -0.00 0.03 0.00
17:50:59.149 1.00 -0.00 0.03 0.00
17:50:59.449 1.00 -0.00 0.03 0.00
17:50:59.749 1.00 -0.00 0.03 0.00
17:51:00.109 1.00 -0.01 0.03 0.00
17:51:00.469 1.00 -0.00 0.03 0.00
17:51:00.708 1.00 -0.00 0.03 0.00
17:51:01.68 1.00 -0.00 0.03 0.00
17:51:01.369 1.00 -0.00 0.03 0.00
17:51:01.728 1.00 -0.00 0.03 0.00
17:51:02.88 1.00 -0.00 0.03 0.00
17:51:02.328 1.00 -0.00 0.03 0.00
17:51:02.691 1.00 -0.01 0.03 0.00
17:51:02.988 1.00 -0.01 0.03 0.00
17:51:03.354 1.00 -0.01 0.03 0.00
17:51:03.649 1.00 -0.00 0.03 0.00
17:51:03.949 1.00 -0.00 0.03 0.00
17:51:04.309 1.00 -0.00 0.03 0.00
17:51:04.608 1.00 -0.01 0.03 0.00
17:51:04.970 1.00 -0.01 0.03 0.00
17:51:05.269 1.00 -0.01 0.03 0.00
17:51:05.569 1.00 -0.00 0.03 0.00
17:51:05.929 1.00 -0.01 0.03 0.00
17:51:06.229 1.00 -0.00 0.03 0.00
17:51:06.590 1.00 -0.00 0.03 0.00
17:51:06.890 1.00 -0.00 0.03 0.00
17:51:07.369 1.00 -0.00 0.03 0.00
17:51:07.669 1.00 -0.00 0.03 0.00
17:51:08.29 1.00 -0.01 0.03 0.00
17:51:08.329 1.00 -0.01 0.03 0.00
17:51:08.629 1.00 -0.01 0.03 0.00
17:51:08.989 1.00 -0.00 0.03 0.00
17:51:09.289 1.00 -0.00 0.03 0.00
17:51:09.588 1.00 -0.00 0.03 0.00
17:51:09.949 1.00 -0.00 0.03 0.00
17:51:10.249 1.00 -0.01 0.03 0.00
17:51:10.608 1.00 -0.01 0.03 0.00
17:51:10.909 1.00 -0.01 0.03 0.00
17:51:11.208 1.00 -0.01 0.03 0.00
17:51:11.568 1.00 -0.01 0.03 0.00
17:51:11.869 1.00 -0.01 0.03 0.00
17:51:12.167 1.00 -0.01 0.03 0.00
17:51:12.529 1.00 -0.01 0.03 0.00
17:51:12.829 1.00 -0.01 0.03 0.00
17:51:13.129 1.00 -0.01 0.03 0.00
17:51:13.488 1.00 -0.01 0.03 0.00
17:51:13.788 1.00 -0.01 0.03 0.00
17:51:14.91 1.00 -0.01 0.03 0.00
17:51:14.450 1.00 -0.01 0.03 0.00
17:51:14.750 1.00 -0.01 0.03 0.00
17:51:15.109 1.00 -0.01 0.03 0.00
17:51:15.408 1.00 -0.01 0.03 0.00
17:51:15.709 1.00 -0.01 0.03 0.00
17:51:16.69 1.00 -0.00 0.03 0.00
17:51:16.370 1.00 -0.01 0.03 0.00
17:51:16.670 1.00 -0.01 0.03 0.00
17:51:17.28 1.00 -0.01 0.03 0.00
17:51:17.328 1.00 -0.01 0.03 0.00
17:51:17.688 1.00 -0.01 0.03 0.00
17:51:17.990 1.00 -0.00 0.03 0.00
17:51:18.290 1.00 -0.01 0.03 0.00
17:51:18.648 1.00 -0.01 0.03 0.00
17:51:18.949 1.00 -0.01 0.03 0.00
17:51:19.249 1.00 -0.01 0.03 0.00
17:51:19.608 1.00 -0.01 0.03 0.00
17:51:19.909 1.00 -0.01 0.03 0.00
17:51:20.269 1.00 -0.01 0.03 0.00
17:51:20.570 1.00 -0.01 0.03 0.00
17:51:20.869 1.00 -0.01 0.03 0.00
17:51:21.227 1.00 -0.01 0.03 0.00
17:51:21.528 1.00 -0.01 0.03 0.00
17:51:21.829 1.00 -0.01 0.03 0.00
17:51:22.187 1.00 -0.01 0.03 0.00
17:51:22.488 1.00 -0.01 0.03 0.00
17:51:22.849 1.00 -0.01 0.03 0.00
17:51:23.149 1.00 -0.01 0.03 0.00
17:51:23.448 1.00 -0.01 0.03 0.00
17:51:23.809 1.00 -0.01 0.03 0.00
17:51:24.108 1.00 -0.01 0.03 0.00
17:51:24.409 1.00 -0.01 0.03 0.00
17:51:24.768 1.00 -0.01 0.03 0.00
17:51:25.68 1.00 -0.01 0.03 0.00
17:51:25.426 1.00 -0.01 0.03 0.01
17:51:25.729 1.00 -0.01 0.03 0.01
17:51:26.29 1.00 -0.01 0.03 0.01
17:51:26.389 1.00 -0.01 0.03 0.01
17:51:26.689 1.00 -0.01 0.03 0.01
17:51:27.48 1.00 -0.01 0.03 0.01
17:51:27.348 1.00 -0.00 0.03 0.01
17:51:27.649 1.00 -0.00 0.03 0.01
17:51:28.10 1.00 -0.01 0.03 0.01
17:51:28.309 1.00 -0.00 0.03 0.01
17:51:28.668 1.00 -0.01 0.03 0.01
17:51:28.968 1.00 -0.01 0.03 0.01
17:51:29.268 1.00 -0.01 0.03 0.01
17:51:29.628 1.00 -0.01 0.03 0.01
17:51:29.929 1.00 -0.01 0.03 0.01
17:51:30.287 1.00 -0.01 0.03 0.01
17:51:30.590 1.00 -0.01 0.03 0.01
17:51:30.889 1.00 -0.01 0.03 0.01
17:51:31.307 1.00 -0.01 0.03 0.01
17:51:31.729 1.00 -0.01 0.03 0.01
17:51:32.29 1.00 -0.01 0.03 0.01
17:51:32.330 1.00 -0.01 0.03 0.01
17:51:32.687 1.00 -0.00 0.03 0.01
17:51:32.990 1.00 -0.01 0.03 0.01
17:51:33.346 1.00 -0.01 0.03 0.01
17:51:33.648 1.00 -0.01 0.03 0.01
17:51:34.10 1.00 -0.01 0.03 0.01
17:51:34.309 1.00 -0.01 0.03 0.01
17:51:34.609 1.00 -0.01 0.03 0.01
17:51:34.969 1.00 -0.01 0.03 0.01
17:51:35.268 1.00 -0.01 0.03 0.01
17:51:35.570 1.00 -0.01 0.03 0.01
17:51:35.929 1.00 -0.01 0.03 0.01
17:51:36.229 1.00 -0.01 0.03 0.01
17:51:36.527 1.00 -0.01 0.03 0.01
17:51:36.890 1.00 -0.01 0.03 0.01
17:51:37.189 1.00 -0.01 0.03 0.01
17:51:37.551 1.00 -0.01 0.03 0.01
17:51:37.849 1.00 -0.01 0.03 0.01
17:51:38.149 1.00 -0.01 0.03 0.01
17:51:38.509 1.00 -0.01 0.03 0.01
17:51:38.809 1.00 -0.01 0.03 0.01
17:51:39.109 1.00 -0.01 0.03 0.01
17:51:39.469 1.00 -0.01 0.03 0.01
17:51:39.768 1.00 -0.01 0.03 0.01
17:51:40.129 1.00 -0.00 0.03 0.01
17:51:40.429 1.00 -0.01 0.03 0.01
17:51:40.728 1.00 -0.01 0.03 0.01
17:51:41.88 1.00 -0.01 0.03 0.01
17:51:41.389 1.00 -0.01 0.03 0.01
17:51:41.749 1.00 -0.01 0.03 0.01
17:51:42.49 1.00 -0.01 0.03 0.01
17:51:42.347 1.00 -0.01 0.03 0.01
17:51:42.708 1.00 -0.01 0.03 0.01
17:51:43.08 1.00 -0.01 0.03 0.01
17:51:43.309 1.00 -0.01 0.03 0.01
17:51:43.668 1.00 -0.01 0.03 0.01
17:51:43.968 1.00 -0.01 0.03 0.01
17:51:44.327 1.00 -0.00 0.03 0.01
17:51:44.629 1.00 -0.00 0.03 0.01
17:51:44.928 1.00 -0.01 0.03 0.01
17:51:45.287 1.00 -0.00 0.03 0.01
17:51:45.588 1.00 -0.01 0.03 0.01
17:51:45.888 1.00 -0.01 0.03 0.01
17:51:46.249 1.00 -0.01 0.03 0.01
17:51:46.547 1.00 -0.01 0.03 0.01
17:51:46.908 1.00 -0.01 0.03 0.01
17:51:47.209 1.00 -0.01 0.03 0.01
17:51:47.508 1.00 -0.01 0.03 0.01
17:51:47.869 1.00 -0.01 0.03 0.01
17:51:48.168 1.00 -0.01 0.03 0.01
17:51:48.528 1.00 -0.01 0.03 0.01
17:51:48.829 1.00 -0.01 0.03 0.01
17:51:49.129 1.00 -0.01 0.03 0.01
17:51:49.489 1.00 -0.01 0.03 0.01
17:51:49.789 1.00 -0.00 0.03 0.01
17:51:50.87 1.00 -0.01 0.03 0.01
17:51:50.449 1.00 -0.01 0.03 0.01
17:51:50.749 1.00 -0.01 0.03 0.01
17:51:51.109 1.00 -0.01 0.03 0.01
17:51:51.409 1.00 -0.01 0.03 0.01
17:51:51.709 1.00 -0.01 0.03 0.01
17:51:52.70 1.00 -0.01 0.03 0.01
17:51:52.369 1.00 -0.01 0.03 0.01
17:51:52.669 1.00 -0.01 0.03 0.01
17:51:53.28 1.00 -0.01 0.03 0.01
17:51:53.328 1.00 -0.01 0.03 0.01
17:51:53.689 1.00 -0.01 0.03 0.01
17:51:53.989 1.00 -0.01 0.03 0.01
17:51:54.288 1.00 -0.01 0.03 0.01
17:51:54.648 1.00 -0.01 0.03 0.01
17:51:54.950 1.00 -0.01 0.03 0.01
17:51:55.249 1.00 -0.01 0.03 0.01
17:51:55.609 1.00 -0.01 0.03 0.01
17:51:55.909 1.00 -0.01 0.03 0.01
17:51:56.207 1.00 -0.01 0.03 0.01
17:51:56.569 1.00 -0.01 0.03 0.01
17:51:56.869 1.00 -0.01 0.03 0.01
17:51:57.229 1.00 -0.01 0.03 0.01
17:51:57.529 1.00 -0.01 0.03 0.01
17:51:57.829 1.00 -0.01 0.03 0.01
17:51:58.189 1.00 -0.01 0.03 0.01
17:51:58.489 1.00 -0.01 0.03 0.01
17:51:58.788 1.00 -0.01 0.03 0.01
17:51:59.149 1.00 -0.01 0.03 0.01
17:51:59.451 1.00 -0.01 0.03 0.01
17:51:59.748 1.00 -0.01 0.03 0.01
17:52:00.109 1.00 -0.01 0.03 0.01
17:52:00.411 1.00 -0.01 0.03 0.01
17:52:00.768 1.00 -0.01 0.03 0.01
17:52:01.69 1.00 -0.00 0.03 0.01
17:52:01.367 1.00 -0.00 0.03 0.01
17:52:01.729 1.00 -0.01 0.03 0.01
17:52:02.29 1.00 -0.01 0.03 0.01
17:52:02.389 1.00 -0.01 0.03 0.01
17:52:02.689 1.00 -0.01 0.03 0.01
17:52:02.988 1.00 -0.01 0.03 0.01
17:52:03.347 1.00 -0.01 0.03 0.01
17:52:03.649 1.00 -0.01 0.03 0.01
17:52:03.949 1.00 -0.01 0.03 0.01
17:52:04.308 1.00 -0.00 0.03 0.01
17:52:04.608 1.00 -0.00 0.03 0.01
17:52:04.967 1.00 -0.01 0.03 0.01
17:52:05.269 1.00 -0.01 0.03 0.01
17:52:05.569 1.00 -0.01 0.03 0.01
17:52:05.929 1.00 -0.01 0.03 0.01
17:52:06.229 1.00 -0.01 0.03 0.01
17:52:06.527 1.00 -0.01 0.03 0.01
17:52:06.886 1.00 -0.01 0.03 0.01
17:52:07.189 1.00 -0.01 0.03 0.01
17:52:07.549 1.00 -0.01 0.03 0.01
17:52:07.847 1.00 -0.01 0.03 0.01
17:52:08.150 1.00 -0.01 0.03 0.01
17:52:08.510 1.00 -0.00 0.03 0.01
17:52:08.808 1.00 -0.01 0.03 0.01
17:52:09.168 1.00 -0.01 0.03 0.01
17:52:09.469 1.00 -0.01 0.03 0.01
17:52:09.769 1.00 -0.01 0.03 0.01
17:52:10.129 1.00 -0.00 0.03 0.01
17:52:10.428 1.00 -0.00 0.03 0.01
17:52:10.728 1.00 -0.00 0.03 0.01
17:52:11.87 1.00 -0.00 0.03 0.01
17:52:11.387 1.00 -0.01 0.03 0.01
17:52:11.748 1.00 -0.00 0.03 0.01
17:52:12.49 1.00 -0.01 0.03 0.01
17:52:12.349 1.00 -0.01 0.03 0.01
17:52:12.710 1.00 -0.01 0.03 0.01
17:52:13.09 1.00 -0.01 0.03 0.01
17:52:13.307 1.00 -0.01 0.03 0.01
17:52:13.668 1.00 -0.01 0.03 0.01
17:52:13.969 1.00 -0.01 0.03 0.01
17:52:14.328 1.00 -0.01 0.03 0.01
17:52:14.629 1.00 -0.01 0.03 0.01
17:52:14.929 1.00 -0.01 0.03 0.01
17:52:15.348 1.00 -0.01 0.03 0.01
17:52:15.770 1.00 -0.01 0.03 0.01
17:52:16.68 1.00 -0.01 0.03 0.01
17:52:16.430 1.00 -0.01 0.03 0.01
17:52:16.727 1.00 -0.01 0.03 0.01
17:52:17.27 1.00 -0.01 0.03 0.01
