18:34:21.681 0.08 -0.39 -0.67 -0.62
18:35:20.20 0.62 0.60 -0.51 -0.02
18:35:20.169 0.62 0.61 -0.50 -0.01
18:35:20.334 0.61 0.60 -0.51 -0.05
18:35:20.498 0.61 0.60 -0.52 -0.05
18:35:20.664 0.61 0.59 -0.53 -0.04
18:35:20.875 0.61 0.60 -0.52 -0.02
18:35:20.995 0.60 0.60 -0.53 -0.01
18:35:21.176 0.60 0.60 -0.52 -0.01
18:35:21.354 0.60 0.61 -0.52 -0.01
18:35:21.476 0.60 0.61 -0.52 -0.01
18:35:21.655 0.60 0.61 -0.52 -0.01
18:35:21.835 0.60 0.61 -0.52 -0.01
18:35:22.15 0.60 0.61 -0.52 -0.01
18:35:22.135 0.60 0.61 -0.51 -0.01
18:35:22.315 0.60 0.61 -0.51 -0.01
18:35:22.496 0.61 0.61 -0.51 -0.01
18:35:22.616 0.61 0.61 -0.51 -0.01
18:35:22.793 0.61 0.61 -0.51 -0.02
18:35:22.975 0.61 0.61 -0.51 -0.02
18:35:23.94 0.61 0.61 -0.51 -0.01
18:35:23.276 0.61 0.61 -0.51 -0.01
18:35:23.455 0.61 0.61 -0.51 -0.01
18:35:23.636 0.61 0.61 -0.51 -0.02
18:35:23.755 0.61 0.61 -0.51 -0.01
18:35:23.936 0.61 0.61 -0.51 -0.01
18:35:24.116 0.61 0.62 -0.50 -0.00
18:35:24.236 0.61 0.63 -0.49 0.01
18:35:24.416 0.60 0.64 -0.47 0.03
18:35:24.596 0.59 0.67 -0.45 0.05
18:35:24.716 0.58 0.69 -0.43 0.07
18:35:24.896 0.58 0.70 -0.41 0.09
18:35:25.76 0.58 0.71 -0.40 0.11
18:35:25.197 0.57 0.72 -0.38 0.13
18:35:25.375 0.56 0.73 -0.36 0.15
18:35:25.556 0.56 0.73 -0.35 0.17
18:35:25.735 0.56 0.74 -0.34 0.18
18:35:25.857 0.55 0.74 -0.33 0.19
18:35:26.35 0.55 0.75 -0.32 0.20
18:35:26.216 0.55 0.74 -0.32 0.19
18:35:26.336 0.56 0.74 -0.33 0.18
18:35:26.516 0.56 0.74 -0.34 0.17
18:35:26.697 0.57 0.73 -0.35 0.16
18:35:26.816 0.58 0.72 -0.36 0.14
18:35:26.995 0.58 0.71 -0.38 0.12
18:35:27.176 0.59 0.69 -0.40 0.10
18:35:27.294 0.60 0.68 -0.41 0.08
18:35:27.477 0.61 0.67 -0.43 0.07
18:35:27.656 0.61 0.65 -0.44 0.05
18:35:27.836 0.61 0.64 -0.46 0.04
18:35:27.956 0.62 0.63 -0.47 0.02
18:35:28.134 0.62 0.62 -0.48 0.01
18:35:28.315 0.62 0.61 -0.49 0.00
18:35:28.437 0.62 0.60 -0.50 -0.01
18:35:28.614 0.62 0.59 -0.51 -0.02
18:35:28.795 0.62 0.59 -0.52 -0.02
18:35:28.976 0.62 0.58 -0.52 -0.03
18:35:29.94 0.62 0.58 -0.53 -0.03
18:35:29.276 0.62 0.58 -0.53 -0.03
18:35:29.455 0.62 0.58 -0.53 -0.03
18:35:29.576 0.62 0.58 -0.52 -0.03
18:35:29.756 0.62 0.58 -0.52 -0.03
18:35:29.935 0.62 0.58 -0.52 -0.04
18:35:30.55 0.62 0.58 -0.52 -0.03
18:35:30.236 0.62 0.59 -0.51 -0.03
18:35:30.416 0.62 0.59 -0.51 -0.02
18:35:30.595 0.62 0.60 -0.49 -0.01
18:35:30.715 0.62 0.62 -0.48 0.00
18:35:30.895 0.62 0.63 -0.47 0.02
18:35:31.75 0.61 0.65 -0.45 0.04
18:35:31.195 0.61 0.67 -0.43 0.06
18:35:31.375 0.59 0.69 -0.41 0.08
18:35:31.554 0.58 0.70 -0.39 0.10
18:35:31.735 0.58 0.71 -0.38 0.11
18:35:31.855 0.58 0.71 -0.37 0.13
18:35:32.36 0.57 0.72 -0.36 0.15
18:35:32.215 0.57 0.72 -0.35 0.16
18:35:32.335 0.56 0.73 -0.34 0.17
18:35:32.515 0.56 0.73 -0.34 0.17
18:35:32.695 0.57 0.72 -0.35 0.16
18:35:32.875 0.58 0.71 -0.38 0.13
18:35:32.995 0.59 0.69 -0.40 0.10
18:35:33.175 0.60 0.68 -0.43 0.07
18:35:33.356 0.60 0.66 -0.45 0.05
18:35:33.475 0.61 0.64 -0.47 0.03
18:35:33.655 0.61 0.62 -0.49 0.01
18:35:33.835 0.61 0.61 -0.50 -0.01
18:35:33.955 0.61 0.60 -0.52 -0.03
18:35:34.135 0.61 0.59 -0.53 -0.04
18:35:34.315 0.61 0.59 -0.53 -0.04
18:35:34.435 0.61 0.59 -0.53 -0.04
18:35:34.616 0.61 0.59 -0.53 -0.04
18:35:34.795 0.61 0.59 -0.53 -0.04
18:35:34.975 0.61 0.59 -0.52 -0.04
18:35:35.94 0.61 0.59 -0.52 -0.04
18:35:35.275 0.61 0.59 -0.52 -0.04
18:35:35.455 0.62 0.59 -0.52 -0.04
18:35:35.575 0.62 0.59 -0.52 -0.04
18:35:35.754 0.62 0.59 -0.52 -0.04
18:35:35.936 0.62 0.59 -0.52 -0.05
18:35:36.176 0.62 0.59 -0.52 -0.05
18:35:36.416 0.62 0.59 -0.53 -0.05
18:35:36.595 0.62 0.58 -0.53 -0.05
18:35:36.715 0.62 0.58 -0.53 -0.05
18:35:36.894 0.62 0.58 -0.53 -0.05
18:35:37.75 0.62 0.58 -0.53 -0.05
18:35:37.196 0.62 0.59 -0.52 -0.05
18:35:37.375 0.62 0.60 -0.51 -0.04
18:35:37.556 0.62 0.61 -0.50 -0.02
18:35:37.736 0.62 0.63 -0.47 0.01
18:35:37.855 0.62 0.64 -0.45 0.03
18:35:38.35 0.61 0.66 -0.43 0.06
18:35:38.215 0.61 0.68 -0.41 0.08
18:35:38.335 0.60 0.69 -0.39 0.10
18:35:38.516 0.59 0.71 -0.37 0.12
18:35:38.695 0.58 0.72 -0.36 0.14
18:35:38.874 0.58 0.72 -0.34 0.16
18:35:38.995 0.57 0.73 -0.33 0.17
18:35:39.176 0.57 0.73 -0.33 0.17
18:35:39.355 0.58 0.72 -0.35 0.15
18:35:39.476 0.60 0.70 -0.38 0.12
18:35:39.655 0.60 0.68 -0.40 0.09
18:35:39.835 0.61 0.66 -0.43 0.07
18:35:40.15 0.62 0.64 -0.45 0.04
18:35:40.135 0.62 0.63 -0.47 0.03
18:35:40.314 0.63 0.61 -0.49 0.01
18:35:40.494 0.63 0.60 -0.50 -0.00
18:35:40.616 0.63 0.58 -0.52 -0.02
18:35:40.796 0.63 0.57 -0.53 -0.03
18:35:40.975 0.63 0.56 -0.54 -0.05
18:35:41.95 0.63 0.55 -0.55 -0.06
18:35:41.275 0.63 0.55 -0.55 -0.06
18:35:41.456 0.63 0.55 -0.55 -0.06
18:35:41.635 0.63 0.55 -0.55 -0.06
18:35:41.755 0.63 0.55 -0.55 -0.06
18:35:41.935 0.63 0.55 -0.55 -0.06
18:35:42.114 0.63 0.55 -0.55 -0.07
18:35:42.235 0.63 0.55 -0.54 -0.07
18:35:42.415 0.63 0.55 -0.54 -0.07
18:35:42.595 0.63 0.55 -0.54 -0.07
18:35:42.714 0.63 0.55 -0.54 -0.07
18:35:42.894 0.63 0.55 -0.54 -0.07
18:35:43.75 0.63 0.55 -0.54 -0.07
18:35:43.254 0.63 0.55 -0.54 -0.07
18:35:43.374 0.63 0.55 -0.54 -0.07
18:35:43.555 0.63 0.55 -0.55 -0.07
18:35:43.734 0.63 0.55 -0.55 -0.07
18:35:43.855 0.63 0.55 -0.55 -0.08
18:35:44.34 0.63 0.55 -0.55 -0.08
18:35:44.214 0.63 0.54 -0.55 -0.08
18:35:44.334 0.63 0.54 -0.55 -0.08
18:35:44.514 0.63 0.54 -0.55 -0.08
18:35:44.694 0.63 0.54 -0.55 -0.08
18:35:44.874 0.63 0.54 -0.55 -0.08
